1,3,30,58
1,3,32,58
1,3,32,59
1,174,51,73
1,174,38,96
1,174,25,86
1,174,6,65
1,852,25,257
1,852,56,259
1,1221,6,299
1,1239,12,307
1,1239,21,325
1,1239,56,359
1,1239,46,354
1,1239,6,354
1,1239,12,315
1,1239,6,315
1,1239,12,339
1,1239,33,339
1,1239,40,352
1,1239,38,349
1,1239,26,331
1,1239,6,311
1,1239,57,360
1,1239,12,316
1,1239,25,329
1,1239,6,309
1,1239,51,357
1,1239,16,357
1,1299,6,366
1,1299,38,393
1,1299,38,395
1,1299,46,391
1,1299,47,391
1,1299,38,370
1,1299,38,381
1,1299,9,369
1,1299,25,378
1,1785,38,475
1,2497,9,478
1,2497,51,486
1,2548,51,524
1,2548,9,490
1,2548,9,492
1,2828,25,586
1,2828,12,572
1,2828,9,572
1,2828,16,581
1,2914,6,611
1,2914,25,629
1,2914,55,675
1,2914,56,675
1,2914,9,615
1,2914,51,671
1,2914,47,665
1,2914,38,647
1,3257,46,718
1,3257,16,684
1,3257,12,682
1,3257,25,706
1,3356,6,777
1,3356,25,799
1,3356,55,837
1,3356,56,837
1,3356,51,787
1,3356,9,782
1,3356,38,816
1,3356,14,785
1,3549,9,845
1,3549,30,867
1,3549,23,859
1,3549,49,894
1,3549,25,861
1,3549,51,895
1,3549,6,844
1,3549,21,858
1,3549,1,838
1,3549,18,855
1,3561,14,911
1,3561,6,903
1,3561,46,948
1,3561,25,948
1,3561,38,964
1,3561,9,906
1,3561,46,980
1,3561,51,989
1,4323,24,1047
1,4323,25,1049
1,4323,13,1042
1,4323,16,1075
1,4323,41,1064
1,4323,46,1068
1,4323,12,1040
1,4513,25,1087
1,4513,12,1083
1,4513,16,1084
1,4544,51,1104
1,4544,9,1094
1,4565,25,1115
1,4565,16,1112
1,4565,12,1109
1,4589,38,1138
1,4637,6,1155
1,4637,25,1161
1,4637,9,1156
1,4637,38,1166
1,4637,12,1158
1,4725,16,1180
1,5511,25,1232
1,5511,9,1221
1,5511,9,1220
1,5511,51,1248
1,5669,27,1279
1,6395,46,1312
1,6395,16,1298
1,6395,6,1293
1,6395,25,1301
1,6453,47,1352
1,6453,25,1344
1,6453,38,1348
1,6453,6,1322
1,6453,9,1325
1,6453,9,1324
1,6453,51,1354
1,6453,9,1347
1,6461,56,1377
1,6461,51,1364
1,6461,12,1363
1,6461,25,1368
1,6461,46,1374
1,6461,9,1362
1,6467,12,1380
1,6467,46,1395
1,6467,25,1388
1,6467,16,1382
1,6939,51,1421
1,7176,18,1511
1,7176,23,1516
1,7176,28,1518
1,7176,22,1515
1,7176,6,1509
1,7176,27,1517
1,7176,18,1512
1,7176,20,1514
1,7176,3,1510
1,7176,39,1520
1,7176,49,1523
1,7176,42,1523
1,7176,6,1519
1,7176,29,1519
1,7176,44,1522
1,7176,50,1524
1,7176,43,1521
1,7176,6,1526
1,7543,9,1532
1,7543,12,1533
1,7911,12,1541
1,7911,25,1549
1,7911,16,1560
1,9942,56,1603
1,11537,25,1638
1,16631,38,1698
1,16631,51,1688
1,16631,46,1700
1,16631,6,1681
3,1,58,30
3,1,59,32
3,1,58,32
3,11537,58,1640
174,1,65,6
174,1,86,25
174,1,96,38
174,1,73,51
174,577,86,174
174,852,71,251
174,852,96,253
174,852,86,253
174,852,72,253
174,852,86,256
174,852,70,235
174,852,96,242
174,852,96,258
174,1239,86,329
174,1239,64,356
174,1239,80,356
174,1239,98,356
174,1239,115,356
174,1239,107,356
174,1239,85,356
174,1239,99,356
174,1239,77,356
174,1299,115,393
174,2548,73,496
174,2548,110,521
174,2828,96,605
174,2828,73,581
174,2914,73,671
174,2914,67,618
174,2914,86,629
174,2914,118,629
174,2914,100,629
174,2914,110,665
174,2914,67,619
174,2914,90,636
174,2914,67,656
174,3356,66,782
174,3356,67,782
174,3356,96,816
174,3549,115,894
174,3549,98,876
174,3549,73,853
174,3549,117,895
174,3561,86,948
174,3561,65,905
174,3561,73,989
174,4323,86,1049
174,4323,73,1044
174,4323,118,1078
174,4323,73,1068
174,4323,96,1068
174,4323,110,1068
174,4323,65,1068
174,4513,86,1087
174,4513,73,1084
174,4513,96,1089
174,4637,73,1159
174,4637,103,1163
174,4637,103,1158
174,4637,67,1158
174,4725,65,1186
174,5511,73,1248
174,6395,110,1312
174,6395,67,1292
174,6395,73,1298
174,6395,96,1298
174,6395,86,1301
174,6395,73,1308
174,6395,96,1308
174,6453,66,1324
174,6453,65,1322
174,7132,73,1485
174,7132,110,1477
174,7132,86,1465
174,7132,67,1462
174,7132,65,1459
174,7911,69,1543
174,7911,103,1543
174,7911,67,1543
174,7911,110,1555
174,7911,67,1542
174,7911,86,1549
174,7911,73,1544
174,16631,91,1699
174,16631,102,1699
174,16631,96,1698
174,16631,91,1696
174,16631,74,1690
174,16631,86,1694
174,16631,118,1694
174,16631,92,1694
174,16631,101,1694
174,16631,100,1694
174,16631,95,1695
174,16631,90,1695
174,16631,76,1689
174,16631,73,1688
174,16631,76,1688
174,16631,61,1701
174,16631,109,1701
174,16631,61,1683
174,16631,109,1683
174,16631,76,1693
174,16631,110,1700
174,16631,65,1681
174,16631,67,1685
174,16631,66,1684
577,174,174,86
577,1221,148,301
577,1239,176,359
577,1239,174,329
577,1239,175,349
577,1299,175,381
577,1299,174,378
577,2548,174,501
577,2828,174,586
577,3549,176,896
577,3549,174,861
577,3561,176,991
577,3561,174,948
577,3561,175,963
577,4323,174,1049
577,4323,176,1076
577,4637,175,1166
577,6453,160,1332
577,6453,170,1335
577,6453,170,1336
577,6461,174,1368
577,6461,175,1372
577,7911,176,1561
577,7911,174,1549
852,1,257,25
852,1,259,56
852,174,256,86
852,174,253,86
852,174,235,70
852,174,253,72
852,174,253,96
852,174,258,96
852,174,242,96
852,174,251,71
852,1239,259,359
852,1239,257,329
852,1299,258,381
852,1299,257,378
852,3561,244,991
852,3561,259,991
852,3561,256,948
852,3561,257,948
852,3561,253,964
852,3561,242,964
852,4323,257,1049
852,4637,257,1161
852,6539,254,1410
852,7911,257,1549
1221,1,299,6
1221,577,301,148
1221,1239,302,315
1221,2687,291,558
1221,2914,301,615
1221,3549,291,841
1221,4565,300,1108
1221,4637,301,1155
1221,4637,301,1175
1221,4637,301,1156
1221,4637,301,1158
1221,4637,301,1152
1221,4637,301,1177
1221,4637,291,1153
1221,7543,291,1531
1221,7543,285,1530
1239,1,357,16
1239,1,307,12
1239,1,339,12
1239,1,316,12
1239,1,315,12
1239,1,354,46
1239,1,331,26
1239,1,360,57
1239,1,354,6
1239,1,311,6
1239,1,309,6
1239,1,315,6
1239,1,329,25
1239,1,349,38
1239,1,352,40
1239,1,357,51
1239,1,359,56
1239,1,339,33
1239,1,325,21
1239,174,356,64
1239,174,356,98
1239,174,356,115
1239,174,356,107
1239,174,356,80
1239,174,356,77
1239,174,356,85
1239,174,329,86
1239,174,356,99
1239,577,349,175
1239,577,329,174
1239,577,359,176
1239,852,329,257
1239,852,359,259
1239,1221,315,302
1239,1299,353,388
1239,1299,353,385
1239,1299,349,381
1239,1668,325,412
1239,1668,329,416
1239,1668,357,445
1239,1668,311,401
1239,1785,315,461
1239,1785,349,473
1239,1785,325,464
1239,2497,315,479
1239,2548,349,513
1239,2548,354,521
1239,2548,357,524
1239,2548,329,501
1239,2828,312,572
1239,2828,320,581
1239,2828,349,593
1239,2914,349,647
1239,2914,354,665
1239,2914,359,675
1239,2914,360,675
1239,2914,329,675
1239,2914,341,642
1239,2914,350,652
1239,2914,329,629
1239,2914,311,611
1239,2914,309,611
1239,2914,315,619
1239,2914,322,624
1239,2914,356,669
1239,2914,339,671
1239,2914,357,671
1239,3257,356,716
1239,3257,356,719
1239,3257,356,686
1239,3257,356,693
1239,3257,356,711
1239,3257,356,679
1239,3257,356,712
1239,3257,356,717
1239,3257,356,715
1239,3257,356,681
1239,3257,356,695
1239,3257,356,707
1239,3257,356,685
1239,3257,356,710
1239,3257,356,683
1239,3356,356,833
1239,3356,354,829
1239,3356,311,777
1239,3356,309,777
1239,3356,359,837
1239,3356,360,837
1239,3356,329,837
1239,3356,329,799
1239,3356,350,817
1239,3356,357,787
1239,3356,360,782
1239,3356,315,782
1239,3356,349,816
1239,3549,326,859
1239,3549,356,894
1239,3549,349,874
1239,3549,315,848
1239,3549,321,854
1239,3549,339,853
1239,3549,332,862
1239,3549,329,861
1239,3549,311,844
1239,3549,309,844
1239,3561,332,951
1239,3561,359,991
1239,3561,360,991
1239,3561,329,991
1239,3561,350,965
1239,3561,326,930
1239,3561,325,919
1239,3561,309,903
1239,3561,329,948
1239,3561,330,948
1239,3561,349,964
1239,3561,341,960
1239,3561,356,985
1239,3561,354,980
1239,3561,339,958
1239,3561,357,989
1239,4323,329,1049
1239,4323,325,1046
1239,4323,309,1030
1239,4323,349,1058
1239,4323,306,1029
1239,4323,361,1078
1239,4323,354,1068
1239,4323,309,1033
1239,4513,315,1083
1239,4513,349,1089
1239,4565,339,1118
1239,4637,309,1154
1239,4637,357,1171
1239,4637,315,1158
1239,4637,339,1164
1239,4637,354,1168
1239,4725,309,1180
1239,4725,309,1181
1239,4725,335,1190
1239,4755,347,1202
1239,4755,316,1193
1239,5511,322,1226
1239,5511,324,1228
1239,5511,312,1220
1239,5511,349,1237
1239,6395,309,1291
1239,6395,339,1304
1239,6395,339,1298
1239,6395,329,1301
1239,6453,354,1352
1239,6453,360,1356
1239,6453,349,1348
1239,6453,360,1355
1239,6453,309,1321
1239,6461,339,1364
1239,6461,315,1363
1239,6461,349,1372
1239,6461,356,1376
1239,6461,339,1371
1239,6467,325,1386
1239,6467,354,1395
1239,7132,354,1477
1239,7132,341,1468
1239,7132,349,1471
1239,7543,315,1533
1239,7911,354,1555
1239,7911,316,1538
1239,7911,339,1551
1239,7911,315,1542
1239,11537,316,1639
1239,16631,349,1698
1299,1,391,46
1299,1,369,9
1299,1,366,6
1299,1,370,38
1299,1,393,38
1299,1,395,38
1299,1,381,38
1299,1,378,25
1299,1,391,47
1299,174,393,115
1299,577,378,174
1299,577,381,175
1299,852,378,257
1299,852,381,258
1299,1239,381,349
1299,1239,388,353
1299,1239,385,353
1299,1668,374,412
1299,1668,381,429
1299,1668,375,413
1299,1668,393,444
1299,2548,381,513
1299,2914,369,629
1299,2914,391,629
1299,2914,381,629
1299,2914,375,627
1299,2914,369,615
1299,2914,391,665
1299,2914,373,625
1299,2914,393,669
1299,2914,381,647
1299,3257,373,686
1299,3257,390,717
1299,3257,382,710
1299,3257,375,695
1299,3356,393,833
1299,3356,366,777
1299,3356,375,795
1299,3356,368,782
1299,3356,370,816
1299,3356,381,816
1299,3356,382,817
1299,3549,393,894
1299,3549,382,876
1299,3549,381,874
1299,3561,382,965
1299,3561,375,930
1299,3561,381,964
1299,3561,393,985
1299,3561,373,918
1299,4589,373,1129
1299,4589,393,1148
1299,4637,381,1178
1299,5511,388,1228
1299,5511,373,1228
1299,5511,388,1243
1299,5511,369,1220
1299,5511,367,1220
1299,5511,381,1237
1299,5669,373,1265
1299,6453,381,1348
1299,6453,393,1353
1299,6461,375,1367
1299,6461,382,1373
1299,6461,381,1372
1299,6461,393,1376
1299,7132,366,1459
1299,7132,395,1486
1299,7132,369,1460
1299,7132,369,1463
1299,7176,375,1516
1299,7176,382,1520
1299,7911,378,1549
1299,7911,381,1560
1299,16631,381,1698
1668,1239,412,325
1668,1239,401,311
1668,1239,416,329
1668,1239,445,357
1668,1299,444,393
1668,1299,413,375
1668,1299,412,374
1668,1299,429,381
1668,1785,429,473
1668,3356,444,833
1668,3356,440,829
1668,3356,416,799
1668,3356,413,795
1668,3356,447,787
1668,3356,409,787
1668,3356,445,787
1668,3356,406,782
1668,3356,429,816
1668,3356,412,792
1668,3549,409,853
1668,3549,413,859
1668,3561,406,909
1668,3561,429,964
1668,4323,401,1033
1668,4544,445,1104
1784,2914,457,671
1784,2914,450,615
1784,3549,454,867
1784,4323,457,1075
1784,4323,453,1049
1784,6395,453,1301
1784,6395,457,1308
1784,6395,457,1298
1784,7911,453,1549
1784,7911,457,1544
1785,1,475,38
1785,1239,464,325
1785,1239,461,315
1785,1239,473,349
1785,1668,473,429
1785,2548,473,513
1785,2828,463,581
1785,3356,473,816
1785,3561,475,964
1785,3561,473,964
1785,4513,463,1084
1785,4544,463,1099
1785,4725,463,1184
1785,6395,469,1306
1785,6395,474,1306
1785,6395,473,1306
1785,6395,463,1298
1785,6395,473,1308
1785,6395,470,1308
1785,6395,471,1307
1785,6395,466,1305
1785,6395,474,1309
1785,6467,463,1382
1785,16631,476,1688
1785,16631,468,1688
1785,16631,473,1688
1785,16631,463,1688
2497,1,478,9
2497,1,486,51
2497,1239,479,315
2497,2914,485,647
2497,2914,478,615
2497,3356,477,787
2497,3356,479,782
2497,3549,478,845
2497,3549,481,863
2497,4323,478,1038
2497,4323,485,1058
2497,6395,480,1298
2497,6395,480,1308
2497,6461,484,1369
2497,16631,480,1688
2497,16631,479,1684
2497,16631,478,1684
2548,1,490,9
2548,1,492,9
2548,1,524,51
2548,174,496,73
2548,174,521,110
2548,577,501,174
2548,1239,521,354
2548,1239,513,349
2548,1239,501,329
2548,1239,524,357
2548,1299,513,381
2548,1785,513,473
2548,2914,496,673
2548,2914,528,673
2548,2914,525,673
2548,2914,501,629
2548,2914,490,615
2548,2914,492,615
2548,3356,492,778
2548,3356,521,829
2548,3356,513,816
2548,3549,513,874
2548,3561,526,989
2548,4323,501,1049
2548,4323,492,1041
2548,4323,521,1068
2548,6395,496,1298
2548,6461,496,1364
2548,7132,521,1466
2548,16631,496,1688
2686,3549,555,894
2686,5511,555,1247
2687,1221,558,291
2828,1,572,12
2828,1,572,9
2828,1,586,25
2828,1,581,16
2828,174,581,73
2828,174,605,96
2828,577,586,174
2828,1239,593,349
2828,1239,581,320
2828,1239,572,312
2828,1785,581,463
2828,2914,576,619
2828,2914,586,629
2828,2914,606,672
2828,3356,572,782
2828,3356,576,782
2828,3356,586,799
2828,3356,593,816
2828,3549,572,845
2828,3549,576,845
2828,3549,604,894
2828,3549,586,861
2828,3549,571,844
2828,3561,571,903
2828,3561,586,948
2828,3561,593,964
2828,3561,572,906
2828,3561,576,906
2828,4323,586,1049
2828,4323,575,1040
2828,4637,571,1155
2828,5511,572,1221
2828,6395,593,1308
2828,6395,581,1298
2828,6395,576,1295
2828,6453,571,1322
2828,6461,572,1362
2828,7132,572,1460
2828,7911,572,1540
2828,16631,581,1688
2914,1,615,9
2914,1,675,56
2914,1,611,6
2914,1,629,25
2914,1,647,38
2914,1,671,51
2914,1,675,55
2914,1,665,47
2914,174,619,67
2914,174,618,67
2914,174,656,67
2914,174,629,86
2914,174,671,73
2914,174,636,90
2914,174,629,118
2914,174,665,110
2914,174,629,100
2914,1221,615,301
2914,1239,675,359
2914,1239,671,339
2914,1239,624,322
2914,1239,647,349
2914,1239,642,341
2914,1239,611,311
2914,1239,675,360
2914,1239,629,329
2914,1239,675,329
2914,1239,652,350
2914,1239,611,309
2914,1239,665,354
2914,1239,619,315
2914,1239,669,356
2914,1239,671,357
2914,1299,669,393
2914,1299,625,373
2914,1299,629,391
2914,1299,665,391
2914,1299,629,369
2914,1299,615,369
2914,1299,627,375
2914,1299,629,381
2914,1299,647,381
2914,1784,671,457
2914,1784,615,450
2914,2497,647,485
2914,2497,615,478
2914,2548,673,496
2914,2548,615,490
2914,2548,629,501
2914,2548,615,492
2914,2548,673,528
2914,2548,673,525
2914,2828,672,606
2914,2828,619,576
2914,2828,629,586
2914,3257,629,709
2914,3257,619,682
2914,3257,671,684
2914,3356,619,782
2914,3356,629,782
2914,3356,615,782
2914,3356,665,829
2914,3356,629,799
2914,3356,663,833
2914,3356,652,833
2914,3356,669,833
2914,3356,627,795
2914,3356,671,787
2914,3356,647,816
2914,3356,611,777
2914,3549,671,895
2914,3549,615,845
2914,3549,669,894
2914,3549,675,896
2914,3549,641,868
2914,3549,652,876
2914,3549,629,861
2914,3561,615,909
2914,3561,611,903
2914,3561,665,980
2914,3561,615,906
2914,3561,675,991
2914,3561,647,964
2914,3561,671,989
2914,3561,623,917
2914,4323,629,1049
2914,4323,615,1038
2914,4323,672,1075
2914,4323,671,1075
2914,4323,619,1040
2914,4513,629,1087
2914,4513,672,1084
2914,4544,619,1097
2914,4544,672,1099
2914,4544,619,1094
2914,4565,629,1115
2914,4565,672,1112
2914,4637,671,1171
2914,4637,615,1156
2914,5511,615,1221
2914,5511,671,1248
2914,5511,615,1220
2914,5511,669,1237
2914,5669,647,1288
2914,6395,672,1308
2914,6395,619,1292
2914,6395,672,1298
2914,6395,629,1301
2914,6453,671,1354
2914,6453,611,1322
2914,6453,615,1324
2914,6453,629,1344
2914,6453,675,1355
2914,6461,647,1376
2914,6461,675,1377
2914,6461,671,1364
2914,6461,615,1363
2914,6461,629,1368
2914,6461,647,1372
2914,6461,615,1362
2914,6461,665,1374
2914,6467,619,1380
2914,6467,629,1391
2914,6467,672,1382
2914,6539,675,1413
2914,6539,647,1407
2914,6539,629,1411
2914,6539,647,1412
2914,6539,675,1410
2914,6539,629,1409
2914,6939,672,1422
2914,6939,629,1419
2914,6939,615,1415
2914,6939,647,1420
2914,7176,633,1519
2914,7543,633,1535
2914,7911,672,1560
2914,7911,665,1560
2914,7911,629,1549
2914,7911,671,1544
2914,7911,615,1543
2914,7911,665,1552
2914,7911,647,1552
2914,16631,624,1690
2914,16631,629,1694
2914,16631,611,1681
2914,16631,618,1684
2914,16631,672,1688
2914,16631,615,1682
3257,1,718,46
3257,1,706,25
3257,1,684,16
3257,1,682,12
3257,1239,695,356
3257,1239,717,356
3257,1239,716,356
3257,1239,719,356
3257,1239,710,356
3257,1239,712,356
3257,1239,681,356
3257,1239,685,356
3257,1239,715,356
3257,1239,707,356
3257,1239,693,356
3257,1239,679,356
3257,1239,683,356
3257,1239,686,356
3257,1239,711,356
3257,1299,717,390
3257,1299,695,375
3257,1299,710,382
3257,1299,686,373
3257,2914,682,619
3257,2914,684,671
3257,2914,709,629
3257,3356,709,787
3257,3356,706,782
3257,3549,719,894
3257,3549,710,894
3257,3549,695,859
3257,3561,686,918
3257,3561,695,930
3257,3561,719,965
3257,3561,710,965
3257,4323,684,1075
3257,4323,718,1068
3257,4323,709,1058
3257,4323,682,1040
3257,6395,684,1308
3257,6395,684,1298
3257,7911,684,1544
3257,16631,706,1694
3257,16631,684,1688
3257,16631,682,1684
3356,1,782,9
3356,1,837,56
3356,1,777,6
3356,1,799,25
3356,1,785,14
3356,1,787,51
3356,1,837,55
3356,1,816,38
3356,174,782,67
3356,174,816,96
3356,174,782,66
3356,1239,837,359
3356,1239,816,349
3356,1239,777,311
3356,1239,837,360
3356,1239,782,360
3356,1239,799,329
3356,1239,837,329
3356,1239,817,350
3356,1239,777,309
3356,1239,829,354
3356,1239,782,315
3356,1239,787,357
3356,1239,833,356
3356,1299,833,393
3356,1299,777,366
3356,1299,817,382
3356,1299,816,370
3356,1299,782,368
3356,1299,795,375
3356,1299,816,381
3356,1668,833,444
3356,1668,792,412
3356,1668,799,416
3356,1668,782,406
3356,1668,787,447
3356,1668,787,409
3356,1668,829,440
3356,1668,795,413
3356,1668,787,445
3356,1668,816,429
3356,1785,816,473
3356,2497,782,479
3356,2497,787,477
3356,2548,816,513
3356,2548,829,521
3356,2548,778,492
3356,2828,799,586
3356,2828,782,572
3356,2828,782,576
3356,2828,816,593
3356,2914,799,629
3356,2914,782,629
3356,2914,795,627
3356,2914,777,611
3356,2914,782,615
3356,2914,787,671
3356,2914,833,669
3356,2914,829,665
3356,2914,833,652
3356,2914,816,647
3356,2914,833,663
3356,2914,782,619
3356,3257,787,709
3356,3257,782,706
3356,3549,778,845
3356,3549,817,876
3356,3549,795,859
3356,3549,829,887
3356,3549,833,894
3356,3549,816,874
3356,3549,777,844
3356,3561,787,989
3356,3561,787,991
3356,3561,817,965
3356,3561,795,930
3356,3561,791,918
3356,3561,782,908
3356,3561,799,948
3356,3561,816,964
3356,3561,829,980
3356,3561,787,915
3356,3967,782,1007
3356,4323,809,1052
3356,4513,787,1084
3356,4513,782,1081
3356,4513,833,1091
3356,4544,782,1098
3356,4544,787,1104
3356,4544,782,1094
3356,4565,778,1109
3356,4565,787,1112
3356,4589,795,1134
3356,4589,776,1128
3356,4589,833,1148
3356,4637,787,1159
3356,4637,777,1155
3356,4637,829,1168
3356,4637,782,1158
3356,4725,778,1181
3356,5511,791,1228
3356,5511,782,1253
3356,5511,792,1229
3356,5511,782,1234
3356,5511,833,1247
3356,5511,782,1221
3356,5511,782,1220
3356,5511,782,1237
3356,5511,816,1237
3356,5511,799,1232
3356,5669,795,1271
3356,6395,816,1306
3356,6395,829,1312
3356,6395,816,1307
3356,6395,816,1298
3356,6395,781,1294
3356,6453,782,1326
3356,6453,787,1347
3356,6453,816,1347
3356,6453,837,1355
3356,6453,777,1322
3356,6453,835,1354
3356,6453,787,1354
3356,6453,833,1353
3356,6461,787,1364
3356,6461,795,1367
3356,6461,817,1373
3356,6461,799,1368
3356,6461,778,1363
3356,6461,816,1372
3356,6461,833,1376
3356,6939,782,1414
3356,6939,787,1415
3356,6939,787,1418
3356,6939,782,1417
3356,6939,787,1420
3356,7176,795,1516
3356,7543,778,1532
3356,7543,782,1533
3356,7911,782,1543
3356,7911,782,1541
3356,7911,782,1542
3356,7911,787,1560
3356,7911,787,1544
3356,7911,816,1552
3356,13129,795,1664
3356,15412,816,1678
3356,15412,781,1672
3356,16631,777,1681
3356,16631,787,1688
3549,1,838,1
3549,1,859,23
3549,1,845,9
3549,1,867,30
3549,1,844,6
3549,1,861,25
3549,1,895,51
3549,1,858,21
3549,1,894,49
3549,1,855,18
3549,174,876,98
3549,174,853,73
3549,174,895,117
3549,174,894,115
3549,577,861,174
3549,577,896,176
3549,1221,841,291
3549,1239,859,326
3549,1239,874,349
3549,1239,853,339
3549,1239,854,321
3549,1239,844,311
3549,1239,861,329
3549,1239,862,332
3549,1239,894,356
3549,1239,844,309
3549,1239,848,315
3549,1299,894,393
3549,1299,876,382
3549,1299,874,381
3549,1668,853,409
3549,1668,859,413
3549,1784,867,454
3549,2497,863,481
3549,2497,845,478
3549,2548,874,513
3549,2686,894,555
3549,2828,894,604
3549,2828,845,572
3549,2828,844,571
3549,2828,845,576
3549,2828,861,586
3549,2914,895,671
3549,2914,861,629
3549,2914,896,675
3549,2914,845,615
3549,2914,868,641
3549,2914,876,652
3549,2914,894,669
3549,3257,894,719
3549,3257,894,710
3549,3257,859,695
3549,3356,845,778
3549,3356,844,777
3549,3356,887,829
3549,3356,894,833
3549,3356,876,817
3549,3356,859,795
3549,3356,874,816
3549,3561,874,930
3549,3561,874,903
3549,3561,861,948
3549,3561,874,964
3549,3561,845,906
3549,3561,896,991
3549,3561,894,985
3549,3561,874,985
3549,3561,853,989
3549,3561,874,915
3549,3967,874,1016
3549,3967,894,1017
3549,4323,895,1072
3549,4323,853,1058
3549,4323,853,1044
3549,4323,853,1075
3549,4323,845,1038
3549,4513,894,1091
3549,4544,845,1094
3549,4544,853,1099
3549,4565,853,1112
3549,4565,850,1111
3549,4589,894,1148
3549,4725,845,1185
3549,4725,845,1181
3549,4755,874,1203
3549,5511,857,1228
3549,5511,897,1253
3549,5511,866,1234
3549,5511,894,1247
3549,5511,876,1238
3549,5511,845,1220
3549,6453,845,1324
3549,6453,874,1348
3549,6453,894,1353
3549,6453,845,1347
3549,6461,861,1368
3549,6461,859,1367
3549,6461,894,1376
3549,6461,845,1362
3549,7176,859,1516
3549,7176,859,1518
3549,7176,894,1514
3549,7176,842,1512
3549,7176,876,1520
3549,7176,859,1520
3549,7176,894,1523
3549,7543,845,1532
3549,7911,853,1544
3549,7911,853,1560
3549,16631,874,1698
3549,16631,845,1684
3561,1,980,46
3561,1,948,46
3561,1,903,6
3561,1,906,9
3561,1,911,14
3561,1,948,25
3561,1,989,51
3561,1,964,38
3561,174,989,73
3561,174,948,86
3561,174,905,65
3561,577,963,175
3561,577,948,174
3561,577,991,176
3561,852,964,253
3561,852,948,256
3561,852,964,242
3561,852,991,244
3561,852,948,257
3561,852,991,259
3561,1239,980,354
3561,1239,960,341
3561,1239,930,326
3561,1239,951,332
3561,1239,991,359
3561,1239,965,350
3561,1239,991,360
3561,1239,948,329
3561,1239,991,329
3561,1239,919,325
3561,1239,989,357
3561,1239,958,339
3561,1239,903,309
3561,1239,964,349
3561,1239,985,356
3561,1239,948,330
3561,1299,965,382
3561,1299,918,373
3561,1299,985,393
3561,1299,930,375
3561,1299,964,381
3561,1668,909,406
3561,1668,964,429
3561,1785,964,475
3561,1785,964,473
3561,2548,989,526
3561,2828,948,586
3561,2828,906,572
3561,2828,903,571
3561,2828,906,576
3561,2828,964,593
3561,2914,964,647
3561,2914,989,671
3561,2914,980,665
3561,2914,917,623
3561,2914,909,615
3561,2914,906,615
3561,2914,903,611
3561,2914,991,675
3561,3257,918,686
3561,3257,965,719
3561,3257,965,710
3561,3257,930,695
3561,3356,980,829
3561,3356,965,817
3561,3356,918,791
3561,3356,948,799
3561,3356,930,795
3561,3356,991,787
3561,3356,989,787
3561,3356,915,787
3561,3356,908,782
3561,3356,964,816
3561,3549,906,845
3561,3549,985,894
3561,3549,989,853
3561,3549,991,896
3561,3549,948,861
3561,3549,930,874
3561,3549,903,874
3561,3549,985,874
3561,3549,964,874
3561,3549,915,874
3561,3967,964,1016
3561,3967,909,1008
3561,3967,906,1008
3561,3967,957,1014
3561,3967,956,1014
3561,3967,955,1013
3561,3967,990,1018
3561,3967,988,1018
3561,3967,962,1015
3561,3967,910,1009
3561,3967,990,1019
3561,3967,948,1011
3561,3967,906,1005
3561,3967,915,1010
3561,3967,904,1003
3561,3967,948,1012
3561,3967,950,1012
3561,4323,906,1038
3561,4323,991,1076
3561,4565,906,1107
3561,4565,915,1112
3561,4565,906,1109
3561,4565,906,1108
3561,4589,964,1138
3561,4589,931,1135
3561,4589,985,1148
3561,4589,964,1148
3561,4755,985,1204
3561,5511,906,1221
3561,5511,906,1220
3561,5511,964,1237
3561,6395,917,1299
3561,6453,913,1329
3561,6453,985,1353
3561,6453,964,1348
3561,6453,915,1348
3561,6461,960,1364
3561,6461,919,1364
3561,6461,907,1364
3561,6461,911,1364
3561,6461,909,1364
3561,6461,968,1364
3561,6461,971,1364
3561,6461,903,1364
3561,6461,980,1364
3561,6461,948,1364
3561,6461,982,1364
3561,6461,983,1364
3561,6461,991,1364
3561,6461,978,1364
3561,6461,964,1364
3561,6461,956,1364
3561,6461,899,1364
3561,6461,989,1364
3561,6461,915,1364
3561,6461,917,1364
3561,6461,961,1364
3561,6461,959,1364
3561,6461,930,1367
3561,6461,991,1377
3561,6539,964,1407
3561,6539,948,1411
3561,6539,948,1409
3561,6539,991,1410
3561,6939,906,1415
3561,7911,907,1541
3561,7911,906,1543
3561,7911,980,1555
3561,7911,989,1538
3561,7911,948,1549
3561,7911,989,1560
3561,7911,969,1554
3561,7911,989,1552
3561,15412,909,1673
3561,15412,909,1676
3561,15412,964,1678
3561,16631,917,1690
3561,16631,989,1688
3561,16631,907,1684
3561,16631,906,1684
3967,3356,1007,782
3967,3549,1016,874
3967,3549,1017,894
3967,3561,1003,904
3967,3561,1014,957
3967,3561,1015,962
3967,3561,1016,964
3967,3561,1012,950
3967,3561,1014,956
3967,3561,1013,955
3967,3561,1011,948
3967,3561,1012,948
3967,3561,1019,990
3967,3561,1018,990
3967,3561,1010,915
3967,3561,1009,910
3967,3561,1008,909
3967,3561,1018,988
3967,3561,1008,906
3967,3561,1005,906
4323,1,1047,24
4323,1,1040,12
4323,1,1068,46
4323,1,1049,25
4323,1,1064,41
4323,1,1042,13
4323,1,1075,16
4323,174,1044,73
4323,174,1068,73
4323,174,1049,86
4323,174,1078,118
4323,174,1068,96
4323,174,1068,110
4323,174,1068,65
4323,577,1049,174
4323,577,1076,176
4323,852,1049,257
4323,1239,1046,325
4323,1239,1029,306
4323,1239,1068,354
4323,1239,1049,329
4323,1239,1030,309
4323,1239,1033,309
4323,1239,1058,349
4323,1239,1078,361
4323,1668,1033,401
4323,1784,1075,457
4323,1784,1049,453
4323,2497,1058,485
4323,2497,1038,478
4323,2548,1068,521
4323,2548,1041,492
4323,2548,1049,501
4323,2828,1040,575
4323,2828,1049,586
4323,2914,1075,671
4323,2914,1040,619
4323,2914,1049,629
4323,2914,1038,615
4323,2914,1075,672
4323,3257,1058,709
4323,3257,1075,684
4323,3257,1068,718
4323,3257,1040,682
4323,3356,1052,809
4323,3549,1038,845
4323,3549,1044,853
4323,3549,1058,853
4323,3549,1075,853
4323,3549,1072,895
4323,3561,1038,906
4323,3561,1076,991
4323,4513,1049,1087
4323,4513,1075,1084
4323,4513,1038,1081
4323,4513,1040,1083
4323,4513,1076,1092
4323,4513,1058,1089
4323,4565,1068,1124
4323,4565,1049,1115
4323,4565,1040,1109
4323,4565,1076,1127
4323,4565,1038,1107
4323,4565,1075,1112
4323,4565,1038,1108
4323,4589,1058,1138
4323,4637,1058,1166
4323,4637,1068,1168
4323,4725,1038,1181
4323,4725,1075,1191
4323,6395,1052,1308
4323,6395,1075,1316
4323,6395,1058,1298
4323,6395,1075,1298
4323,6395,1068,1312
4323,6395,1049,1301
4323,6395,1070,1314
4323,6461,1076,1377
4323,6461,1075,1364
4323,6461,1040,1363
4323,6461,1049,1368
4323,6461,1058,1372
4323,6539,1049,1409
4323,6939,1038,1415
4323,6939,1058,1420
4323,7132,1075,1485
4323,7132,1068,1477
4323,7132,1038,1460
4323,7132,1049,1465
4323,7132,1040,1462
4323,7132,1076,1488
4323,7543,1038,1532
4323,7911,1068,1555
4323,7911,1049,1549
4323,7911,1073,1560
4323,7911,1072,1544
4323,9942,1076,1603
4323,15412,1058,1678
4323,16631,1044,1688
4323,16631,1068,1700
4513,1,1083,12
4513,1,1087,25
4513,1,1084,16
4513,174,1087,86
4513,174,1084,73
4513,174,1089,96
4513,1239,1083,315
4513,1239,1089,349
4513,1785,1084,463
4513,2914,1084,672
4513,2914,1087,629
4513,3356,1091,833
4513,3356,1084,787
4513,3356,1081,782
4513,3549,1091,894
4513,4323,1087,1049
4513,4323,1084,1075
4513,4323,1081,1038
4513,4323,1089,1058
4513,4323,1092,1076
4513,4323,1083,1040
4513,6395,1084,1298
4513,6395,1084,1308
4513,15412,1089,1678
4513,16631,1084,1688
4544,1,1104,51
4544,1,1094,9
4544,1668,1104,445
4544,1785,1099,463
4544,2914,1097,619
4544,2914,1094,619
4544,2914,1099,672
4544,3356,1104,787
4544,3356,1098,782
4544,3356,1094,782
4544,3549,1094,845
4544,3549,1099,853
4544,4637,1094,1156
4544,5511,1097,1220
4544,6395,1099,1298
4544,6395,1099,1308
4544,6453,1094,1324
4544,7132,1097,1462
4544,7543,1094,1532
4544,7911,1101,1549
4544,7911,1105,1560
4544,7911,1103,1555
4544,9942,1097,1602
4544,16631,1099,1688
4565,1,1115,25
4565,1,1109,12
4565,1,1112,16
4565,1221,1108,300
4565,1239,1118,339
4565,2914,1112,672
4565,2914,1115,629
4565,3356,1109,778
4565,3356,1112,787
4565,3549,1112,853
4565,3549,1111,850
4565,3561,1108,906
4565,3561,1109,906
4565,3561,1107,906
4565,3561,1112,915
4565,4323,1115,1049
4565,4323,1112,1075
4565,4323,1124,1068
4565,4323,1108,1038
4565,4323,1107,1038
4565,4323,1127,1076
4565,4323,1109,1040
4565,4637,1108,1156
4565,6395,1112,1298
4565,6395,1112,1308
4565,6461,1112,1364
4565,7911,1112,1560
4565,7911,1127,1561
4565,7911,1109,1543
4565,7911,1115,1549
4565,9942,1108,1600
4565,16631,1115,1694
4565,16631,1112,1688
4565,16631,1124,1700
4565,16631,1108,1684
4565,16631,1109,1684
4589,1,1138,38
4589,1299,1148,393
4589,1299,1129,373
4589,3356,1134,795
4589,3356,1128,776
4589,3356,1148,833
4589,3549,1148,894
4589,3561,1148,985
4589,3561,1135,931
4589,3561,1138,964
4589,3561,1148,964
4589,4323,1138,1058
4589,6461,1148,1376
4589,7911,1148,1558
4589,13129,1135,1665
4637,1,1158,12
4637,1,1161,25
4637,1,1156,9
4637,1,1155,6
4637,1,1166,38
4637,174,1163,103
4637,174,1158,103
4637,174,1158,67
4637,174,1159,73
4637,577,1166,175
4637,852,1161,257
4637,1221,1153,291
4637,1221,1156,301
4637,1221,1158,301
4637,1221,1152,301
4637,1221,1175,301
4637,1221,1177,301
4637,1221,1155,301
4637,1239,1158,315
4637,1239,1168,354
4637,1239,1154,309
4637,1239,1164,339
4637,1239,1171,357
4637,1299,1178,381
4637,2828,1155,571
4637,2914,1171,671
4637,2914,1156,615
4637,3356,1159,787
4637,3356,1155,777
4637,3356,1168,829
4637,3356,1158,782
4637,4323,1168,1068
4637,4323,1166,1058
4637,4544,1156,1094
4637,4565,1156,1108
4637,4755,1166,1203
4637,6461,1156,1362
4637,7132,1168,1477
4637,7176,1170,1523
4637,7543,1169,1535
4637,7543,1152,1536
4637,7911,1171,1544
4637,16631,1158,1685
4637,16631,1159,1688
4725,1,1180,16
4725,174,1186,65
4725,1239,1180,309
4725,1239,1181,309
4725,1239,1190,335
4725,1785,1184,463
4725,3356,1181,778
4725,3549,1185,845
4725,3549,1181,845
4725,4323,1191,1075
4725,4323,1181,1038
4725,6395,1184,1298
4725,6395,1184,1308
4725,6461,1182,1363
4725,6461,1190,1369
4725,7911,1186,1543
4725,7911,1183,1543
4725,7911,1181,1543
4755,1239,1202,347
4755,1239,1193,316
4755,3549,1203,874
4755,3561,1204,985
4755,4637,1203,1166
4755,5511,1204,1247
4755,6453,1193,1327
4755,6453,1203,1348
4755,6453,1201,1347
5511,1,1221,9
5511,1,1220,9
5511,1,1232,25
5511,1,1248,51
5511,174,1248,73
5511,1239,1237,349
5511,1239,1228,324
5511,1239,1226,322
5511,1239,1220,312
5511,1299,1228,388
5511,1299,1243,388
5511,1299,1220,369
5511,1299,1220,367
5511,1299,1228,373
5511,1299,1237,381
5511,2686,1247,555
5511,2828,1221,572
5511,2914,1221,615
5511,2914,1220,615
5511,2914,1248,671
5511,2914,1237,669
5511,3356,1247,833
5511,3356,1232,799
5511,3356,1228,791
5511,3356,1234,782
5511,3356,1221,782
5511,3356,1253,782
5511,3356,1220,782
5511,3356,1237,782
5511,3356,1237,816
5511,3356,1229,792
5511,3549,1238,876
5511,3549,1253,897
5511,3549,1220,845
5511,3549,1247,894
5511,3549,1228,857
5511,3549,1234,866
5511,3561,1237,964
5511,3561,1221,906
5511,3561,1220,906
5511,4544,1220,1097
5511,4755,1247,1204
5511,6395,1232,1301
5511,6453,1248,1354
5511,6453,1220,1324
5511,6461,1247,1376
5511,11537,1232,1639
5511,16631,1248,1688
5669,1,1279,27
5669,1299,1265,373
5669,2914,1288,647
5669,3356,1271,795
5669,6461,1271,1367
5669,6461,1288,1376
6395,1,1312,46
6395,1,1293,6
6395,1,1301,25
6395,1,1298,16
6395,174,1292,67
6395,174,1308,96
6395,174,1298,96
6395,174,1301,86
6395,174,1312,110
6395,174,1308,73
6395,174,1298,73
6395,1239,1304,339
6395,1239,1298,339
6395,1239,1301,329
6395,1239,1291,309
6395,1784,1308,457
6395,1784,1298,457
6395,1784,1301,453
6395,1785,1306,469
6395,1785,1309,474
6395,1785,1306,474
6395,1785,1308,470
6395,1785,1298,463
6395,1785,1307,471
6395,1785,1308,473
6395,1785,1306,473
6395,1785,1305,466
6395,2497,1308,480
6395,2497,1298,480
6395,2548,1298,496
6395,2828,1298,581
6395,2828,1295,576
6395,2828,1308,593
6395,2914,1292,619
6395,2914,1301,629
6395,2914,1308,672
6395,2914,1298,672
6395,3257,1308,684
6395,3257,1298,684
6395,3356,1312,829
6395,3356,1294,781
6395,3356,1306,816
6395,3356,1307,816
6395,3356,1298,816
6395,3561,1299,917
6395,4323,1301,1049
6395,4323,1308,1052
6395,4323,1298,1058
6395,4323,1316,1075
6395,4323,1298,1075
6395,4323,1314,1070
6395,4323,1312,1068
6395,4513,1308,1084
6395,4513,1298,1084
6395,4544,1308,1099
6395,4544,1298,1099
6395,4565,1308,1112
6395,4565,1298,1112
6395,4725,1308,1184
6395,4725,1298,1184
6395,5511,1301,1232
6395,6453,1308,1348
6395,6453,1293,1322
6395,6453,1315,1322
6395,6461,1308,1372
6395,6539,1301,1409
6395,6939,1298,1418
6395,6939,1308,1420
6395,7132,1301,1465
6395,7132,1295,1462
6395,7132,1308,1464
6395,7132,1298,1464
6395,7543,1296,1532
6395,7911,1308,1544
6395,7911,1298,1544
6395,9942,1295,1602
6395,16631,1308,1688
6395,16631,1298,1688
6453,1,1324,9
6453,1,1325,9
6453,1,1347,9
6453,1,1322,6
6453,1,1344,25
6453,1,1348,38
6453,1,1354,51
6453,1,1352,47
6453,174,1322,65
6453,174,1324,66
6453,577,1332,160
6453,577,1336,170
6453,577,1335,170
6453,1239,1352,354
6453,1239,1348,349
6453,1239,1356,360
6453,1239,1355,360
6453,1239,1321,309
6453,1299,1353,393
6453,1299,1348,381
6453,2828,1322,571
6453,2914,1354,671
6453,2914,1344,629
6453,2914,1355,675
6453,2914,1322,611
6453,2914,1324,615
6453,3356,1353,833
6453,3356,1354,835
6453,3356,1322,777
6453,3356,1355,837
6453,3356,1354,787
6453,3356,1347,787
6453,3356,1326,782
6453,3356,1347,816
6453,3549,1324,845
6453,3549,1347,845
6453,3549,1353,894
6453,3549,1348,874
6453,3561,1348,964
6453,3561,1353,985
6453,3561,1348,915
6453,3561,1329,913
6453,4544,1324,1094
6453,4755,1348,1203
6453,4755,1327,1193
6453,4755,1347,1201
6453,5511,1324,1220
6453,5511,1354,1248
6453,6395,1348,1308
6453,6395,1322,1293
6453,6395,1322,1315
6453,6461,1353,1376
6453,6461,1348,1372
6453,6461,1324,1362
6453,7132,1347,1485
6461,1,1374,46
6461,1,1363,12
6461,1,1362,9
6461,1,1368,25
6461,1,1364,51
6461,1,1377,56
6461,577,1368,174
6461,577,1372,175
6461,1239,1364,339
6461,1239,1371,339
6461,1239,1363,315
6461,1239,1372,349
6461,1239,1376,356
6461,1299,1376,393
6461,1299,1373,382
6461,1299,1367,375
6461,1299,1372,381
6461,2497,1369,484
6461,2548,1364,496
6461,2828,1362,572
6461,2914,1368,629
6461,2914,1377,675
6461,2914,1374,665
6461,2914,1363,615
6461,2914,1362,615
6461,2914,1364,671
6461,2914,1372,647
6461,2914,1376,647
6461,3356,1376,833
6461,3356,1363,778
6461,3356,1368,799
6461,3356,1373,817
6461,3356,1367,795
6461,3356,1364,787
6461,3356,1372,816
6461,3549,1376,894
6461,3549,1368,861
6461,3549,1362,845
6461,3549,1367,859
6461,3561,1364,907
6461,3561,1364,911
6461,3561,1364,971
6461,3561,1364,909
6461,3561,1364,919
6461,3561,1364,968
6461,3561,1367,930
6461,3561,1364,903
6461,3561,1364,980
6461,3561,1364,948
6461,3561,1364,960
6461,3561,1364,982
6461,3561,1364,983
6461,3561,1377,991
6461,3561,1364,991
6461,3561,1364,978
6461,3561,1364,959
6461,3561,1364,964
6461,3561,1364,956
6461,3561,1364,899
6461,3561,1364,989
6461,3561,1364,915
6461,3561,1364,917
6461,3561,1364,961
6461,4323,1368,1049
6461,4323,1364,1075
6461,4323,1372,1058
6461,4323,1377,1076
6461,4323,1363,1040
6461,4565,1364,1112
6461,4589,1376,1148
6461,4637,1362,1156
6461,4725,1363,1182
6461,4725,1369,1190
6461,5511,1376,1247
6461,5669,1367,1271
6461,5669,1376,1288
6461,6395,1372,1308
6461,6453,1362,1324
6461,6453,1372,1348
6461,6453,1376,1353
6461,6467,1363,1380
6461,6467,1364,1382
6461,6939,1362,1415
6461,6939,1363,1417
6461,6939,1372,1420
6461,7176,1376,1523
6461,9942,1377,1603
6461,13129,1367,1662
6461,13129,1367,1664
6461,13129,1367,1665
6461,16631,1372,1698
6461,16631,1364,1688
6461,16631,1374,1700
6461,16631,1362,1684
6461,16631,1362,1682
6467,1,1395,46
6467,1,1388,25
6467,1,1380,12
6467,1,1382,16
6467,1239,1386,325
6467,1239,1395,354
6467,1785,1382,463
6467,2914,1380,619
6467,2914,1382,672
6467,2914,1391,629
6467,6461,1380,1363
6467,6461,1382,1364
6539,852,1410,254
6539,2914,1407,647
6539,2914,1412,647
6539,2914,1413,675
6539,2914,1410,675
6539,2914,1411,629
6539,2914,1409,629
6539,3561,1407,964
6539,3561,1411,948
6539,3561,1409,948
6539,3561,1410,991
6539,4323,1409,1049
6539,6395,1409,1301
6939,1,1421,51
6939,2914,1420,647
6939,2914,1415,615
6939,2914,1422,672
6939,2914,1419,629
6939,3356,1415,787
6939,3356,1418,787
6939,3356,1420,787
6939,3356,1417,782
6939,3356,1414,782
6939,3561,1415,906
6939,4323,1415,1038
6939,4323,1420,1058
6939,6395,1418,1298
6939,6395,1420,1308
6939,6461,1417,1363
6939,6461,1420,1372
6939,6461,1415,1362
6939,7911,1415,1543
6939,7911,1419,1552
6939,7911,1420,1552
6939,7911,1421,1552
6939,16631,1415,1688
6939,16631,1418,1688
6939,16631,1420,1688
6939,16631,1415,1684
6939,16631,1416,1684
7132,174,1465,86
7132,174,1485,73
7132,174,1477,110
7132,174,1462,67
7132,174,1459,65
7132,1239,1471,349
7132,1239,1477,354
7132,1239,1468,341
7132,1299,1459,366
7132,1299,1460,369
7132,1299,1463,369
7132,1299,1486,395
7132,2548,1466,521
7132,2828,1460,572
7132,4323,1465,1049
7132,4323,1477,1068
7132,4323,1485,1075
7132,4323,1460,1038
7132,4323,1488,1076
7132,4323,1462,1040
7132,4544,1462,1097
7132,4637,1477,1168
7132,6395,1464,1308
7132,6395,1465,1301
7132,6395,1464,1298
7132,6395,1462,1295
7132,6453,1485,1347
7132,7543,1486,1534
7132,7911,1459,1539
7132,7911,1463,1543
7132,7911,1465,1549
7132,7911,1464,1544
7132,9942,1488,1603
7132,16631,1477,1700
7132,16631,1465,1694
7132,16631,1459,1681
7132,16631,1485,1688
7132,16631,1462,1685
7176,1,1522,44
7176,1,1518,28
7176,1,1520,39
7176,1,1514,20
7176,1,1516,23
7176,1,1526,6
7176,1,1509,6
7176,1,1519,6
7176,1,1523,49
7176,1,1510,3
7176,1,1511,18
7176,1,1512,18
7176,1,1517,27
7176,1,1521,43
7176,1,1524,50
7176,1,1519,29
7176,1,1523,42
7176,1,1515,22
7176,1299,1520,382
7176,1299,1516,375
7176,2914,1519,633
7176,3356,1516,795
7176,3549,1520,876
7176,3549,1516,859
7176,3549,1518,859
7176,3549,1520,859
7176,3549,1512,842
7176,3549,1523,894
7176,3549,1514,894
7176,4637,1523,1170
7176,6461,1523,1376
7543,1,1533,12
7543,1,1532,9
7543,1221,1530,285
7543,1221,1531,291
7543,1239,1533,315
7543,2914,1535,633
7543,3356,1532,778
7543,3356,1533,782
7543,3549,1532,845
7543,4323,1532,1038
7543,4544,1532,1094
7543,4637,1536,1152
7543,4637,1535,1169
7543,6395,1532,1296
7543,7132,1534,1486
7543,7911,1532,1543
7543,16631,1532,1684
7911,1,1541,12
7911,1,1549,25
7911,1,1560,16
7911,174,1543,69
7911,174,1543,103
7911,174,1549,86
7911,174,1544,73
7911,174,1555,110
7911,174,1543,67
7911,174,1542,67
7911,577,1549,174
7911,577,1561,176
7911,852,1549,257
7911,1239,1555,354
7911,1239,1551,339
7911,1239,1538,316
7911,1239,1542,315
7911,1299,1560,381
7911,1299,1549,378
7911,1784,1544,457
7911,1784,1549,453
7911,2828,1540,572
7911,2914,1544,671
7911,2914,1549,629
7911,2914,1543,615
7911,2914,1560,665
7911,2914,1552,665
7911,2914,1560,672
7911,2914,1552,647
7911,3257,1544,684
7911,3356,1560,787
7911,3356,1544,787
7911,3356,1541,782
7911,3356,1543,782
7911,3356,1542,782
7911,3356,1552,816
7911,3549,1560,853
7911,3549,1544,853
7911,3561,1541,907
7911,3561,1555,980
7911,3561,1538,989
7911,3561,1560,989
7911,3561,1552,989
7911,3561,1549,948
7911,3561,1554,969
7911,3561,1543,906
7911,4323,1549,1049
7911,4323,1544,1072
7911,4323,1560,1073
7911,4323,1555,1068
7911,4544,1549,1101
7911,4544,1555,1103
7911,4544,1560,1105
7911,4565,1549,1115
7911,4565,1561,1127
7911,4565,1543,1109
7911,4565,1560,1112
7911,4589,1558,1148
7911,4637,1544,1171
7911,4725,1543,1186
7911,4725,1543,1183
7911,4725,1543,1181
7911,6395,1544,1298
7911,6395,1544,1308
7911,6939,1552,1419
7911,6939,1543,1415
7911,6939,1552,1420
7911,6939,1552,1421
7911,7132,1539,1459
7911,7132,1549,1465
7911,7132,1544,1464
7911,7132,1543,1463
7911,7543,1543,1532
7911,9942,1543,1601
7911,13129,1558,1668
7911,15412,1558,1679
7911,16631,1544,1688
9942,1,1603,56
9942,4323,1603,1076
9942,4544,1602,1097
9942,4565,1600,1108
9942,6395,1602,1295
9942,6461,1603,1377
9942,7132,1603,1488
9942,7911,1601,1543
9942,16631,1602,1684
11537,1,1638,25
11537,3,1640,58
11537,1239,1639,316
11537,5511,1639,1232
11537,16631,1633,1684
13129,3356,1664,795
13129,4589,1665,1135
13129,6461,1664,1367
13129,6461,1665,1367
13129,6461,1662,1367
13129,7911,1668,1558
15412,3356,1672,781
15412,3356,1678,816
15412,3561,1673,909
15412,3561,1676,909
15412,3561,1678,964
15412,4323,1678,1058
15412,4513,1678,1089
15412,7911,1679,1558
16631,1,1700,46
16631,1,1681,6
16631,1,1698,38
16631,1,1688,51
16631,174,1695,95
16631,174,1696,91
16631,174,1699,91
16631,174,1701,61
16631,174,1683,61
16631,174,1688,73
16631,174,1698,96
16631,174,1685,67
16631,174,1695,90
16631,174,1699,102
16631,174,1694,118
16631,174,1694,92
16631,174,1701,109
16631,174,1683,109
16631,174,1694,86
16631,174,1700,110
16631,174,1690,74
16631,174,1694,101
16631,174,1681,65
16631,174,1689,76
16631,174,1688,76
16631,174,1693,76
16631,174,1694,100
16631,174,1684,66
16631,1239,1698,349
16631,1299,1698,381
16631,1785,1688,468
16631,1785,1688,463
16631,1785,1688,473
16631,1785,1688,476
16631,2497,1684,479
16631,2497,1684,478
16631,2497,1688,480
16631,2548,1688,496
16631,2828,1688,581
16631,2914,1684,618
16631,2914,1694,629
16631,2914,1681,611
16631,2914,1682,615
16631,2914,1690,624
16631,2914,1688,672
16631,3257,1688,684
16631,3257,1684,682
16631,3257,1694,706
16631,3356,1681,777
16631,3356,1688,787
16631,3549,1684,845
16631,3549,1698,874
16631,3561,1684,907
16631,3561,1684,906
16631,3561,1688,989
16631,3561,1690,917
16631,4323,1688,1044
16631,4323,1700,1068
16631,4513,1688,1084
16631,4544,1688,1099
16631,4565,1700,1124
16631,4565,1694,1115
16631,4565,1684,1109
16631,4565,1688,1112
16631,4565,1684,1108
16631,4637,1688,1159
16631,4637,1685,1158
16631,5511,1688,1248
16631,6395,1688,1308
16631,6395,1688,1298
16631,6461,1688,1364
16631,6461,1698,1372
16631,6461,1700,1374
16631,6461,1684,1362
16631,6461,1682,1362
16631,6939,1688,1415
16631,6939,1684,1415
16631,6939,1684,1416
16631,6939,1688,1420
16631,6939,1688,1418
16631,7132,1688,1485
16631,7132,1700,1477
16631,7132,1681,1459
16631,7132,1694,1465
16631,7132,1685,1462
16631,7543,1684,1532
16631,7911,1688,1544
16631,9942,1684,1602
16631,11537,1684,1633
